1.551667259043490565e+00
1.091560601459832291e+01
1.280892950245813822e+01
1.280892944886624996e+01
1.280892950334370717e+01
1.280892952287117659e+01
1.280892948667049325e+01
1.280892949714881368e+01
1.280892950460257751e+01
1.280892950279737974e+01
1.280892950534781782e+01
1.280892948320315128e+01
1.280892952695569242e+01
1.280892948615686322e+01
1.280892949620057486e+01
1.280892947799055825e+01
1.280892950354806992e+01
1.280892946149037037e+01
1.280892950960127230e+01
1.280892947193326847e+01
1.280892958133369319e+01
1.280892952208915148e+01
1.280892949218281807e+01
1.280892949619512500e+01
1.280892949735862629e+01
1.280892948568001977e+01
1.280892946751223782e+01
1.280892948891438898e+01
1.280892947690062833e+01
1.280892949749078014e+01
1.280892950702085997e+01
1.280892953270916301e+01
1.280892949156973160e+01
1.280892951211901121e+01
1.280892953015463931e+01
1.280892944899840380e+01
1.280892950381646500e+01
1.280892946108164665e+01
1.280892949088852539e+01
1.280892950800179797e+01
1.280892949667741831e+01
1.280892949381362556e+01
1.280892948795524866e+01
1.280892950721977286e+01
1.280892951559044057e+01
1.280892950494317972e+01
1.280892948928768860e+01
1.280892949830414018e+01
1.280892949554934113e+01
1.280892946679696998e+01
1.280892950643774775e+01
1.280892947720853314e+01
1.280892946853404801e+01
1.280892949061468045e+01
1.280892951739427588e+01
1.280892950895548843e+01
1.280892950017609699e+01
1.280892947615947541e+01
1.280892948343476156e+01
1.280892950408894748e+01
1.280892948864326719e+01
1.280892950725655766e+01
