3.446068438131035250e-01
2.328122299119196048e-01
2.053075119771253509e-01
2.053075119785303382e-01
2.053075119765293000e-01
2.053075119751243127e-01
2.053075119745282617e-01
2.053075119746347044e-01
2.053075119805314042e-01
2.053075119726336661e-01
2.053075119698236917e-01
2.053075119705261853e-01
2.053075119752307554e-01
2.053075119725272235e-01
2.053075119731232745e-01
2.053075119792328596e-01
2.053075119705261853e-01
2.053075119765293000e-01
2.053075119805314042e-01
2.053075119805314042e-01
2.053075119805314042e-01
2.053075119698236917e-01
2.053075119765293000e-01
2.053075119772317936e-01
2.053075119772317936e-01
2.053075119738257681e-01
2.053075119791264169e-01
2.053075119706326002e-01
2.053075119731232745e-01
2.053075119718247299e-01
2.053075119704197427e-01
2.053075119745282617e-01
2.053075119691211980e-01
2.053075119758268063e-01
2.053075119759332490e-01
2.053075119731232745e-01
2.053075119738257681e-01
2.053075119758268063e-01
2.053075119764228573e-01
2.053075119738257681e-01
2.053075119718247299e-01
2.053075119779342872e-01
2.053075119773382362e-01
2.053075119812338978e-01
2.053075119812338978e-01
2.053075119705261853e-01
2.053075119752307554e-01
2.053075119718247299e-01
2.053075119806378468e-01
2.053075119773382362e-01
2.053075119759332490e-01
2.053075119739322107e-01
2.053075119745282617e-01
2.053075119772317936e-01
2.053075119692276129e-01
2.053075119712286789e-01
2.053075119705261853e-01
2.053075119725272235e-01
2.053075119705261853e-01
2.053075119785303382e-01
2.053075119731232745e-01
2.053075119718247299e-01
