7.026331856115172414e+00
4.849433013750539700e+00
3.792162356883853835e+00
3.446337578787603384e+00
3.237153387006486138e+00
3.104402862971443078e+00
3.053231523401092495e+00
2.877105341351324341e+00
2.828136335257454892e+00
2.926388245177318659e+00
2.678432365798078862e+00
2.641088835685643676e+00
2.682791641771063329e+00
2.603021161656984273e+00
2.517421721772796772e+00
2.524668787804109193e+00
5.392708973620622181e+00
7.281367683353287212e+00
6.383153459494783633e+00
6.759953636080309636e+00
9.209022003142514734e+00
8.346710856796697442e+00
7.951571767618309750e+00
