3.150335219551853722e-02
6.778963669131063408e-02
1.552167248308839453e-01
2.234763689098130945e-01
2.145119423312674134e-01
2.229263602681186840e-01
2.233735101524986222e-01
2.255121151851235128e-01
2.377708792554180661e-01
2.303036190570199038e-01
2.465510172379343223e-01
2.505796519782211851e-01
2.489253402587954800e-01
2.457667191835528619e-01
2.599583707746533356e-01
2.580497693588616470e-01
1.765670603428617924e-01
1.634768546328172478e-01
1.602996618499025749e-01
1.711255462605212330e-01
1.629168458333814518e-01
1.711826900196394829e-01
1.889972556697981365e-01
